1 1 46.72146224975586
2 0.429466341889073 47.341214418411255
3 1.4900714301984468 49.77259111404419
4 1.118074223000204 48.025487422943115
5 0.9428804441653742 48.8158974647522
6 0.7902190867562289 47.85339021682739
7 0.6939338377482225 48.670405864715576
8 0.6105235141821728 47.893574714660645
9 0.614123987922733 49.53683614730835
10 0.5726745645764327 47.486222982406616
11 0.5283260205392346 48.74114441871643
12 0.49744893512993726 47.53325843811035
13 0.4605152270461536 47.957701444625854
14 0.4277207994053404 48.24909520149231
15 0.41593377683068383 47.26057195663452
16 0.39944954596973964 47.39337205886841
17 0.3949159564682419 46.997313022613525
18 0.373337269621471 47.859548807144165
19 0.3557017107211061 48.38249158859253
20 0.33881446999317133 48.28393268585205
21 0.322929179969618 47.89964938163757
22 0.3218350086715376 46.96925950050354
23 0.3086765349545306 48.25596475601196
24 0.31564080299556657 46.61847639083862
25 0.3043858204788751 48.31390643119812
26 0.3025256086035565 48.9889714717865
27 0.29672123282890117 48.78421425819397
28 0.2913598906243426 48.822391986846924
29 0.28385785180147427 47.47995042800903
30 0.276769135717692 48.594356298446655
31 0.27293575253132973 47.206186056137085
32 0.26974190876548243 48.90839409828186
33 0.26573217596733684 47.24934411048889
34 0.2639827261880867 47.03552579879761
35 0.2564427653910025 48.0172336101532
36 0.2508779474426832 48.51781177520752
37 0.2586528337909694 46.37501335144043
38 0.25266510620124727 47.568525552749634
39 0.24710994729402622 48.38762164115906
40 0.24706463198009612 49.099063873291016
41 0.24480083413557507 47.09125351905823
42 0.24053085744131572 48.56751370429993
43 0.24510904043263357 49.539907693862915
44 0.23998841511423064 47.691197872161865
45 0.24043764407076332 46.80025053024292
46 0.2353910158322459 47.77160620689392
47 0.23069415607180424 47.69494652748108
48 0.23133300342584145 46.7443745136261
49 0.2267061794803396 48.1186203956604
50 0.2222681409594063 47.78848099708557
51 0.2236473523594611 49.27622365951538
52 0.22181110626302875 48.862809896469116
53 0.21762893851395818 48.02735471725464
54 0.21559216156460678 48.81044292449951
55 0.21749967033914483 46.595820903778076
56 0.22534021558043155 50.05457401275635
57 0.22464350942582217 49.14148712158203
58 0.2208651776365579 48.23605966567993
59 0.2172614308045354 47.80967974662781
60 0.2138334001861176 48.32259821891785
61 0.2147868575855154 49.4131293296814
62 0.21134105251699545 47.98009967803955
63 0.20873871426178328 48.64152121543884
64 0.20686558479469452 48.86440825462341
65 0.205455533570569 48.98926520347595
66 0.2023663927116015 47.99773573875427
67 0.20047230692191045 47.37061929702759
68 0.19754078700566796 48.18010067939758
69 0.1948396375468727 47.81041383743286
70 0.19226120389505325 47.768539905548096
71 0.19022320526657913 47.50135636329651
72 0.18777699037454568 47.757954120635986
73 0.18588966672488583 48.66857576370239
74 0.18385570559554343 47.57518696784973
75 0.18140609447759642 48.10316348075867
76 0.1806262327481852 47.134063959121704
77 0.17828789739427173 47.99562191963196
78 0.17638116817816799 47.59638977050781
79 0.17464241631342572 47.52092957496643
80 0.17882323842146025 49.98862338066101
81 0.17724264591758618 47.451422929763794
82 0.17508213720577379 48.03848457336426
83 0.17306104470119646 48.29847168922424
84 0.1710023771201696 48.03404402732849
85 0.16901676867152624 48.19517159461975
86 0.167217316555689 47.73829174041748
87 0.1654613490268317 47.73221206665039
88 0.163698275888083 47.779667377471924
89 0.1648843139020326 49.491862535476685
90 0.16325688492941903 48.44955778121948
91 0.1617004196117925 48.48549962043762
92 0.15997223220705983 48.22573971748352
93 0.15940309932945337 48.994707107543945
94 0.16033087789012218 46.699547290802
95 0.1590712017598862 48.64571690559387
96 0.1575360587790402 48.388495206832886
97 0.15751387606989017 49.201340198516846
98 0.15600762221918338 47.81602478027344
99 0.1552719581058067 48.9141891002655
100 0.1537335023416165 48.21092510223389
101 0.15274606572049465 47.44332718849182
102 0.151337212030956 47.827197313308716
103 0.14994976772097807 48.357011795043945
104 0.14929538541452964 48.914440631866455
105 0.14858288227199629 47.32521176338196
106 0.14726725384813574 48.37196373939514
107 0.14594875745107824 47.875616788864136
108 0.14547129061384753 48.980242013931274
109 0.14468122195045507 48.80764603614807
110 0.14400793280990545 48.87922286987305
111 0.14416906283260716 46.95671200752258
112 0.14295707455051684 47.8437283039093
113 0.1418180442970422 47.761313915252686
114 0.1426041195050692 46.70375633239746
115 0.142481966534719 49.14191508293152
116 0.1421405521980057 47.158968448638916
117 0.14200676363154374 49.141682147979736
118 0.14085963076095018 48.34294581413269
119 0.13975853937226668 47.81126284599304
120 0.13862446245525323 48.28073024749756
121 0.13750746345426693 48.277244567871094
122 0.13665072097163722 48.6416597366333
123 0.13596424622668027 48.78553652763367
124 0.13496629314593472 47.78702211380005
125 0.13409637205542096 48.59205508232117
126 0.13384352346950337 47.1659893989563
127 0.13290337716860656 47.750612020492554
128 0.13309652113844817 49.28969430923462
129 0.13323012057811381 46.95289707183838
130 0.13223371085862362 47.923065423965454
131 0.13129462440152143 48.39254117012024
132 0.13054916513922937 47.56140065193176
133 0.13020213751563525 47.22781991958618
134 0.12926226885688116 47.89902949333191
135 0.12894086917130437 48.97863554954529
136 0.12826128815012286 47.523125648498535
137 0.12746156259626143 48.51028537750244
138 0.12690993988642188 48.78575897216797
139 0.1260364990190679 48.329371213912964
140 0.12514972618880654 48.2378990650177
141 0.12442760597644754 48.57024884223938
142 0.12361441161707291 48.39744329452515
143 0.12534667438525995 49.97077536582947
144 0.1249087418441744 48.89113903045654
145 0.12412119852203207 47.81284213066101
146 0.12390071146124258 47.196072816848755
147 0.1254489491252735 49.956642866134644
148 0.1246022098526478 48.09899139404297
149 0.12418645696683542 48.91327142715454
150 0.12465827218433523 46.760985136032104
151 0.12415438620750277 48.82081174850464
152 0.12381395190594151 47.29075813293457
153 0.1236722628192558 49.134462118148804
154 0.12372114119814966 49.2785747051239
155 0.12362483777169386 49.187132120132446
156 0.1237088237796349 46.97643709182739
157 0.12293437653565978 48.289095878601074
158 0.12216197737824015 48.04843997955322
159 0.12143846725223312 48.4114146232605
160 0.12277997217322156 46.29285430908203
161 0.12227794614922104 47.47566843032837
162 0.12207525388130151 49.090529441833496
163 0.12136735852344102 47.87170958518982
164 0.12093929916857445 47.40471959114075
165 0.12025831298086358 48.427428007125854
166 0.11963388213952027 48.54618859291077
167 0.11901837026254954 48.551859855651855
168 0.11864842770452382 48.90567111968994
169 0.11802991840961838 48.524301290512085
170 0.1173719280686797 48.39649987220764
171 0.11687505832979402 48.72621726989746
172 0.11642169720829036 48.78581142425537
173 0.11575755422024185 48.024726152420044
174 0.11509236354020566 48.13817238807678
175 0.11461736781884463 47.571173906326294
176 0.11446126688597262 47.18937015533447
177 0.11405944846130857 48.818100452423096
178 0.11378659882219204 48.97813653945923
179 0.11349424782592504 48.957998514175415
180 0.1129493891787729 47.74959754943848
181 0.11263195328877591 48.921446323394775
182 0.1122429314245031 48.8251256942749
183 0.11163006135243395 48.19093894958496
184 0.11102955460753935 48.050222635269165
185 0.11226103250446053 50.0713324546814
186 0.1117641567283204 48.634758710861206
187 0.11179552401610997 49.305641651153564
188 0.11164312005702935 47.22400617599487
189 0.11107275364175606 48.37919020652771
190 0.11085586890850675 49.05163645744324
191 0.11111248362745832 46.84936785697937
192 0.1105538618710321 48.3794162273407
193 0.1102604887245216 47.39899826049805
194 0.10994484965742268 47.43017029762268
195 0.1094742374930389 48.616188526153564
196 0.10891590471921096 48.189399003982544
197 0.10957020362055786 46.53369188308716
198 0.1099001768830501 49.56817698478699
199 0.10941555776618614 47.77536749839783
200 0.10890366930232627 47.881768226623535
201 0.10911365326159424 49.478087425231934
202 0.10858114707736825 48.30333161354065
203 0.10856132910524341 47.07405614852905
204 0.10820159384444371 47.528239250183105
205 0.10767507275197669 48.21750617027283
206 0.10753089290971697 47.212732791900635
207 0.10742195031892729 49.151179790496826
208 0.10707071134677286 47.53017210960388
209 0.10656224219207076 48.06304621696472
210 0.10616207343034391 47.64674139022827
211 0.10569580769950343 47.855485677719116
212 0.1052174774424756 47.93158316612244
213 0.10485791317922338 47.57608699798584
214 0.10454862665953767 48.823954820632935
215 0.10414451120788183 48.6094126701355
216 0.10366244323491564 48.142335653305054
217 0.10360132619918988 47.126755475997925
218 0.10316734079992182 48.47717475891113
219 0.1027125655588972 48.35843801498413
220 0.1029361251080226 46.81538128852844
221 0.10286513650206032 49.16581201553345
222 0.10265215663223187 47.33951020240784
223 0.10250702784452391 47.23330330848694
224 0.10206892540432211 47.916520833969116
225 0.10179550864814606 48.84072923660278
226 0.10177370339049546 49.225486040115356
227 0.10195123836111045 49.461225271224976
228 0.10150941281080932 48.036499977111816
229 0.10106649263988315 48.12597846984863
230 0.1009370392530056 49.08666110038757
231 0.10061175737270038 47.60138273239136
232 0.10184011912924236 50.332337379455566
233 0.10146904867512772 48.604048013687134
234 0.10123441090238997 47.41089844703674
235 0.10093776108514707 47.54166913032532
236 0.10166940583533222 46.31667971611023
237 0.10124425269612086 48.04948544502258
238 0.10094454361605433 47.54299330711365
239 0.10099002030115185 49.339648723602295
240 0.100729403613233 47.4614040851593
241 0.10046481777622926 47.471497535705566
242 0.1001069172224154 47.73361897468567
243 0.09969606135407959 48.092326402664185
size = 243
mean = 48.1504474039431
standard deviation = 0.7929121388866984
margin of error = 0.09969606135407959
median = 48.12597846984863
