1 1 42.16529321670532
2 0.152354599402815 41.94543409347534
3 0.10911785247763452 42.130120277404785
4 0.6107816624257151 40.653934955596924
5 0.5166636255193132 41.244855880737305
6 0.43102387323454305 41.69546985626221
7 0.36963380517629224 41.684264183044434
8 0.3240221208871896 41.7310905456543
9 0.29374715377901045 41.3751699924469
10 0.27093960066155454 41.30619931221008
11 0.2682801528187971 42.21906495094299
12 0.25759344363510683 42.140268087387085
13 0.2385187911377271 41.56130504608154
14 0.22148752321176376 41.6928288936615
15 0.21749155297628275 42.21725106239319
16 0.24865566053316132 40.51760196685791
17 0.23789318921496652 41.26071500778198
18 0.2532122505097598 40.5165228843689
19 0.2405936589857935 41.37500333786011
20 0.23351340648771843 41.04840850830078
21 0.2244134028398751 41.194233417510986
22 0.2169671492207149 41.90425515174866
23 0.2078522193971666 41.38833951950073
24 0.2041954130924852 40.9583740234375
25 0.1966489917694473 41.7002694606781
26 0.1890901246453343 41.522807359695435
27 0.18255406696380513 41.68897557258606
28 0.17609894248797145 41.443100929260254
29 0.17032261469333912 41.66119074821472
30 0.16578188547449688 41.21354603767395
31 0.160970467823439 41.294095516204834
32 0.16600805563349288 40.55399799346924
33 0.16126319735333935 41.63292479515076
34 0.15737143783935872 41.761672019958496
35 0.1528751867658298 41.48506808280945
36 0.14873577059916535 41.37725758552551
37 0.14496160715102702 41.31800603866577
38 0.15477234335607779 40.22748827934265
39 0.15114159143517997 41.238699197769165
40 0.16557102324382825 42.99717688560486
41 0.16193775105940564 41.23364233970642
42 0.16086538303486672 40.82394742965698
43 0.16961797647856755 40.036454916000366
44 0.16750168027282497 41.968401193618774
45 0.16817222017413003 42.32083249092102
46 0.16547166279302575 41.875216484069824
47 0.16196686755573914 41.40808939933777
48 0.1660890752734939 40.240891218185425
49 0.1633451497748907 41.06997036933899
50 0.16275326337857887 40.67170166969299
51 0.16188551535674875 40.695637702941895
52 0.1686324465631117 42.92186093330383
53 0.16550244036990505 41.31605267524719
54 0.1662459077143617 40.44298243522644
55 0.16349549910779343 41.141576051712036
56 0.16408431729466078 40.43081045150757
57 0.16284653794021955 42.063000202178955
58 0.16024380572275396 41.15644836425781
59 0.1580560276562356 41.00214695930481
60 0.15624819848895233 40.892043352127075
61 0.15395743955537095 41.66559886932373
62 0.15310347429974014 40.67352366447449
63 0.1545098313593666 42.48116111755371
64 0.15272584381570475 40.93390965461731
65 0.1537460100390564 42.45285654067993
66 0.15160960682137936 41.65894627571106
67 0.14959326502104303 41.107685565948486
68 0.1502684185980026 40.37644124031067
69 0.15031975874272419 42.298500537872314
70 0.1486908697295895 41.84344673156738
71 0.15062257419492817 40.141528844833374
72 0.14862217938043337 41.19275879859924
73 0.14746193169629318 40.78127431869507
74 0.1471778847733103 40.524789571762085
75 0.1457351305619804 41.836995124816895
76 0.14394664378685695 41.13175177574158
77 0.14430304786675854 40.368144512176514
78 0.1437901475173145 40.56994605064392
79 0.14245307481613623 40.86803841590881
80 0.14402183333157184 42.605836153030396
81 0.14266913775884765 41.811118841171265
82 0.1409305946223248 41.333271980285645
83 0.139541247508548 41.753849267959595
84 0.13869283785818992 42.009864807128906
85 0.13764276794720648 40.81971526145935
86 0.1367503472562893 41.978039026260376
87 0.13517982861372949 41.39849400520325
88 0.13454185353151868 40.67127203941345
89 0.13648070613906502 39.97154116630554
90 0.13536024490537577 40.87072801589966
91 0.13393193599969583 41.529003381729126
92 0.13306016012373384 40.757482051849365
93 0.13162954289867648 41.32975459098816
94 0.1303791094246466 41.640066385269165
95 0.12919266874610846 41.67957806587219
96 0.1289651197915271 42.179851770401
97 0.12763586927080675 41.3407142162323
98 0.12785823284145306 40.364617109298706
99 0.12661122586973914 41.17355537414551
100 0.1300157972093206 43.11311745643616
101 0.12884878578100173 41.64817476272583
102 0.12784511874520157 40.936951875686646
103 0.12661905564969747 41.255168437957764
104 0.12615586442950125 40.623146295547485
105 0.12555769898116562 42.01229810714722
106 0.12443471981842692 41.14423727989197
107 0.12337377414230218 41.62993931770325
108 0.12373335198866703 40.29339098930359
109 0.12284186436070609 40.9154851436615
110 0.12173258536212607 41.4195990562439
111 0.12089635653309735 41.7955060005188
112 0.12000562975104795 41.73448944091797
113 0.12122967594740558 42.70872497558594
114 0.12018102170780776 41.47385239601135
115 0.119465123946031 40.84252429008484
116 0.11845272682205023 41.23929166793823
117 0.11825863766958791 40.526586294174194
118 0.1174479896728464 40.946683406829834
119 0.11647419808147898 41.45540976524353
120 0.11550555327620368 41.308018922805786
121 0.11461571611282712 41.11038160324097
122 0.1137187569371084 41.152878522872925
123 0.1127943567796843 41.33431792259216
124 0.1120861616079028 40.91885995864868
125 0.11129356203370895 41.03394436836243
126 0.11044526759990898 41.16020655632019
127 0.10963896358691412 41.095786809921265
128 0.10881838230921333 41.519720792770386
129 0.10873441099346895 40.49000692367554
130 0.10790354068154999 41.404006481170654
131 0.10721243026689287 40.97408962249756
132 0.1064131189318594 41.21695113182068
133 0.10563482062519106 41.474303007125854
134 0.10557852808090866 42.18093252182007
135 0.10481506963233478 41.47211146354675
136 0.10439988493670463 41.9361252784729
137 0.10365536004171139 41.2073187828064
138 0.10309536359146915 40.8966269493103
139 0.10237983843729724 41.17207431793213
140 0.10212227496579049 42.0399374961853
141 0.10192390160392219 40.594125747680664
142 0.10122105479063387 41.20898509025574
143 0.10091480303527602 40.67598104476929
144 0.10216970300326313 39.86311626434326
145 0.10175152395670246 41.88607144355774
146 0.1016920459041477 42.17333984375
147 0.10125875555013537 40.78526067733765
148 0.10065183984741331 41.624464988708496
149 0.1002589564376078 41.90154814720154
150 0.10128345836202142 42.747586250305176
151 0.10061317172473666 41.364660024642944
152 0.10270935735414884 43.18072867393494
153 0.10316644789059175 40.161536693573
154 0.10251314723278641 41.20002317428589
155 0.10185347698393404 41.39130234718323
156 0.1020441113418026 40.29933977127075
157 0.10224745233841524 40.27885365486145
158 0.10211502513229875 42.15947961807251
159 0.10191338070317373 42.10699105262756
160 0.10128540237252888 41.45193147659302
161 0.10089841875483369 41.917792081832886
162 0.10030976597408645 41.56283116340637
163 0.09973683396180526 41.104328632354736
size = 163
mean = 41.345601795641194
standard deviation = 0.6496707420528335
margin of error = 0.09973683396180526
median = 41.32975459098816
