1 1 74.56198906898499
2 0.1385082065292111 74.36211133003235
3 1.2623290482000897 72.10201573371887
4 1.1417903978335904 72.17132902145386
5 1.0628402525330545 71.74954867362976
6 0.9244184533672544 73.8771619796753
7 0.8968718279905016 74.75821852684021
8 0.7958576709066579 73.94674563407898
9 1.0243116757817397 77.04903054237366
10 0.9583701032099711 72.4333279132843
11 0.9207539707747083 75.45438814163208
12 0.8906441546775961 72.04203724861145
13 0.9338845428343943 76.76714634895325
14 0.883780715275515 72.68041443824768
15 0.8262605296460235 74.2346260547638
16 0.853336715821441 70.86122870445251
17 0.8272519079340059 75.46332573890686
18 0.7935555142877215 72.48178434371948
19 0.7576791434357922 72.78295588493347
20 0.7229010750514836 72.9718017578125
21 0.7021213032175214 72.12528347969055
22 0.687837968241771 71.78781080245972
23 0.6604447658935507 74.1753339767456
24 0.6329262415629647 73.51354050636292
25 0.6076190821231807 73.46958327293396
26 0.5882257816379616 72.58917927742004
27 0.5711775933545155 72.44676685333252
28 0.55170406209381 72.97446775436401
29 0.5361902229946017 74.34498238563538
30 0.5186148220233499 73.72789692878723
31 0.5121554672643576 75.10428309440613
32 0.4979446426287703 74.21697664260864
33 0.5015642967278641 71.2180004119873
34 0.4894991181347323 72.56623935699463
35 0.4785015574712356 74.4088659286499
36 0.465683332572611 73.8602352142334
37 0.45814747952497115 72.18174362182617
38 0.45288763981463365 71.9091055393219
39 0.46162986262278044 70.67174506187439
40 0.4536333122379837 72.1647322177887
41 0.44361054387491167 73.94858503341675
42 0.43307635200801753 73.21415424346924
43 0.42628660676313707 74.49029231071472
44 0.41872169214117744 72.38921928405762
45 0.4106544156930486 72.58415913581848
46 0.40175464167438146 73.19589924812317
47 0.3935211055034651 72.92377376556396
48 0.39038350257884397 74.84754204750061
49 0.3838944535094635 74.17926335334778
50 0.387141694073084 75.69985389709473
51 0.3799070837264005 73.8259654045105
52 0.3747679728221204 72.32403802871704
53 0.36894193141352044 72.55460405349731
54 0.36427957324794924 72.26167893409729
55 0.36029522845028805 74.57799863815308
56 0.3543937407175941 73.92753672599792
57 0.3510622210525915 72.05972003936768
58 0.34724605444278844 72.18003106117249
59 0.34281262972849064 74.29130005836487
60 0.33751194337549184 72.83537411689758
61 0.3332976103974256 74.27143859863281
62 0.3282963206747061 73.85714340209961
63 0.33474533650436983 70.52758264541626
64 0.33253091094383513 71.84961748123169
65 0.3280965116815795 72.5908875465393
66 0.3236099338352521 72.68570494651794
67 0.31901615055667976 72.85454678535461
68 0.31436801302272505 73.4532949924469
69 0.31374892056382264 71.51661729812622
70 0.3106982288053123 74.31980776786804
71 0.3088048381416549 71.83782935142517
72 0.30719530829551595 74.74106907844543
73 0.30317426327178865 73.66362571716309
74 0.2991239622852093 73.06889605522156
75 0.29834565087545545 71.58556532859802
76 0.29785919708263947 71.48290681838989
77 0.29401307298683554 73.07859182357788
78 0.29067206927238287 72.58767604827881
79 0.28714141542797295 73.58628225326538
80 0.2951173165551343 69.85604333877563
81 0.29148834452016575 73.05347657203674
82 0.28947197747608977 74.42725014686584
83 0.28801455160953093 74.64236521720886
84 0.2857706565693415 72.08470678329468
85 0.28303057452048547 72.37408685684204
86 0.2810622818605028 71.98047709465027
87 0.27798998194101704 72.74978590011597
88 0.27510556805039516 72.60888671875
89 0.27204239152210646 72.97953844070435
90 0.2691396131667374 72.78450465202332
91 0.2677340900927421 71.80739951133728
92 0.26482406160055155 73.1486828327179
93 0.26259503726560407 72.27735161781311
94 0.2598403687689033 72.91067814826965
95 0.25715044017374566 72.89013266563416
96 0.25458218177143355 72.75357103347778
97 0.2519638741291558 73.03053092956543
98 0.24999745162703846 72.24460983276367
99 0.2517047978838367 75.44253015518188
100 0.24924490009472705 72.85889506340027
101 0.2479905776853417 71.86090612411499
102 0.2462903894416852 74.10898399353027
103 0.25480254350909026 77.0210268497467
104 0.2523658134517439 73.02668762207031
105 0.2501724158957781 73.71523690223694
106 0.24814707835441308 73.86890888214111
107 0.24600426516095622 73.68610119819641
108 0.24372733880204678 73.14362502098083
109 0.24348006196474578 71.44468522071838
110 0.2448637028271622 75.52146100997925
111 0.24284065611144878 72.64915156364441
112 0.2426601856113615 71.4012999534607
113 0.2405248067272011 73.30402827262878
114 0.24341230527136953 70.29912877082825
115 0.24303381454978873 71.4308340549469
116 0.24141328250111732 72.2264518737793
117 0.23937871167661387 73.34060335159302
118 0.23758998991637886 73.76532220840454
119 0.23559906656400062 73.22472333908081
120 0.23401226447680457 72.3104145526886
121 0.2320795357065136 73.07209348678589
122 0.23081688547294726 72.0457866191864
123 0.22918751241504398 73.78079891204834
124 0.22775785372863358 72.23892712593079
125 0.22699579407087978 74.51166820526123
126 0.2251945476066504 73.14387679100037
127 0.22342384257185166 73.05156373977661
128 0.22344289415252974 74.95695066452026
129 0.22229736742893857 72.06754970550537
130 0.220722643868787 73.64001560211182
131 0.2218171033302054 75.47810649871826
132 0.22030668966500552 72.5624749660492
133 0.21895795281117467 72.35265779495239
134 0.21737169304479395 72.82444667816162
135 0.22099641448104546 76.44049620628357
136 0.2209567760871518 74.9993326663971
137 0.22012232747803284 71.87527799606323
138 0.21859559829790673 73.54960513114929
139 0.217471859959594 74.16012907028198
140 0.2159335248983036 73.3559365272522
141 0.2144703131435465 73.56511735916138
142 0.21471102917461093 71.18771123886108
143 0.21442245661995665 71.49588871002197
144 0.21294332574013738 73.30316543579102
145 0.21152987346000887 72.79425835609436
146 0.21340543213329555 70.34569191932678
147 0.211995013619434 72.8160707950592
148 0.21059603286042178 73.41314649581909
149 0.20923740024019594 73.49595093727112
150 0.20803537549540838 73.82101798057556
151 0.20792157096047478 71.36845850944519
152 0.20679155005487398 73.89768385887146
153 0.20560667549366146 73.77952003479004
154 0.20519574672428156 74.66889524459839
155 0.20504313651476433 71.40913319587708
156 0.20382331253983962 73.62988710403442
157 0.20255366334568967 72.86392569541931
158 0.20129241842115547 73.3693163394928
159 0.20039004699315877 74.11907601356506
160 0.19960709279217304 72.02287459373474
161 0.1984679581319632 72.61551260948181
162 0.1994401950448576 70.6852695941925
163 0.19833570786318458 72.5447301864624
164 0.19822238422810945 74.86154270172119
165 0.19746303659237904 74.24008679389954
166 0.1974263036709544 74.94162082672119
167 0.19653969307894897 74.06358242034912
168 0.1955614694597535 73.89241313934326
169 0.19444339860300294 72.81549525260925
170 0.19381311046115077 71.92421460151672
171 0.19275427961460725 73.6126172542572
172 0.1920466508394445 74.25416827201843
173 0.19097353407915427 73.48533487319946
174 0.1899769898195312 72.6031186580658
175 0.18935398928937242 74.33584666252136
176 0.18828579854124927 73.00500583648682
177 0.18790587340619685 74.60780429840088
178 0.1874849369070627 74.56931900978088
179 0.18773210567005308 71.15777134895325
180 0.18742075514024467 71.63856339454651
181 0.1868829562004025 74.41581964492798
182 0.18649887538553772 74.60114097595215
183 0.1855626287216473 73.68772554397583
184 0.1846400203881966 72.64133548736572
185 0.18455123612633798 71.4368028640747
186 0.18360795451881035 73.5624737739563
187 0.18311046403485992 74.43460416793823
188 0.18218341172077995 72.77042269706726
189 0.18231383813055674 75.09447765350342
190 0.18139195435888175 72.81697106361389
191 0.18044257942412778 73.20759677886963
192 0.1805875163663247 71.23340725898743
193 0.17976069276615173 73.78193926811218
194 0.18045302443958633 75.56093072891235
195 0.17982911579684918 74.21816873550415
196 0.18095646073445454 75.90490293502808
197 0.18008598708884574 72.77980494499207
198 0.17997846990844257 71.47815227508545
199 0.1790742535347825 73.21543335914612
200 0.17819640191245945 73.44407153129578
201 0.17746967587734394 73.96388387680054
202 0.1775339016710706 71.30577993392944
203 0.17687385292919489 74.08840131759644
204 0.17600819717735802 73.26123380661011
205 0.17518067047732638 72.84325170516968
206 0.17435604325644952 73.50315523147583
207 0.17388383310265862 74.38931894302368
208 0.17749796155261155 77.39626812934875
209 0.17689717292496349 74.21675181388855
210 0.17605862173569578 73.09519505500793
211 0.17570659497321625 74.62307977676392
212 0.17572549072196667 71.35664057731628
213 0.17491115844870914 73.00648927688599
214 0.17444476816962734 74.42633533477783
215 0.17365502603807106 73.52294564247131
216 0.17311713857537045 72.16321134567261
217 0.1727072247498893 71.9343786239624
218 0.17275377768160077 71.31667590141296
219 0.1720212565699686 73.69636964797974
220 0.1728029459790026 75.81504774093628
221 0.17202222912283555 73.29012155532837
222 0.17159743872540364 71.97423815727234
223 0.1710505863305953 72.21745991706848
224 0.17035653210493626 72.65028548240662
225 0.1700279532040986 74.59341478347778
226 0.16968411000527978 71.85172486305237
227 0.16969446820507403 75.06499314308167
228 0.16895176156637715 73.29856204986572
229 0.1688911204665487 71.44499588012695
230 0.16820853959938864 73.69692206382751
231 0.1682702995042192 75.13204407691956
232 0.16770260643472737 72.35455417633057
233 0.16779762113657465 71.24553656578064
234 0.16710523640920738 73.54840111732483
235 0.16709442357644194 75.04230093955994
236 0.16640362228658467 72.92504334449768
237 0.16602153666747482 71.96419095993042
238 0.16555960223734276 74.28192186355591
239 0.1651638049993755 74.42159247398376
240 0.16457422154648293 72.51810884475708
241 0.1641121471086826 72.16552209854126
242 0.16478751870376887 70.60196709632874
243 0.16420384097088903 72.50713849067688
244 0.16396893159166592 74.69030284881592
245 0.16330377326608492 73.34725904464722
246 0.16269234278442607 72.68356132507324
247 0.16251619855943486 74.78099417686462
248 0.16188498323125042 73.56123495101929
249 0.16123566080330973 73.27395677566528
250 0.1605915582560322 73.275226354599
251 0.16001636416732182 72.62566137313843
252 0.15994651278053174 71.47615718841553
253 0.15955473539408457 74.33235836029053
254 0.15931406335121812 71.76245188713074
255 0.15869143510670417 73.09145927429199
256 0.15872477366293639 75.08088040351868
257 0.15810738971116006 73.17082118988037
258 0.15749457350729876 73.20136284828186
259 0.15689836528044587 72.949875831604
260 0.15666207920019815 71.77978515625
261 0.15618564180119776 72.36950206756592
262 0.155670742674005 72.52241516113281
263 0.15523894073335134 74.14088463783264
264 0.1553555526313273 71.20235061645508
265 0.15521019364310013 74.77291059494019
266 0.1548878670539739 71.97280883789062
267 0.15433465919323602 72.79747557640076
268 0.15375882310183342 73.20433068275452
269 0.1531917369893034 73.35088324546814
270 0.15298400604411155 71.7430055141449
271 0.15247667522208097 72.60611987113953
272 0.1527141339419185 75.3501501083374
273 0.1530229371929798 75.4617395401001
274 0.15335320967289964 70.88976168632507
275 0.15289133810279332 72.42969536781311
276 0.152370631416978 73.63650965690613
277 0.15200603678669855 74.25196599960327
278 0.15150358251302024 72.67222428321838
279 0.15101146992887268 72.63194847106934
280 0.15101121495750516 75.01353764533997
281 0.1509257909772296 71.51927733421326
282 0.15110833600653947 75.30990314483643
283 0.1505750231289018 73.13370561599731
284 0.1506384855744704 75.13624882698059
285 0.15131514948106184 75.98010778427124
286 0.15139828754352175 75.2016830444336
287 0.15092955929739688 72.60256910324097
288 0.15088266778945575 71.45339798927307
289 0.15066226284587544 74.61972832679749
290 0.15024449575250198 72.39759659767151
291 0.15066853710156913 75.71384048461914
292 0.15026423791464047 72.35835218429565
293 0.15132025758554013 69.96535754203796
294 0.15101588807269947 72.01157331466675
295 0.15081850324793758 74.67241168022156
296 0.1506255786061491 71.73304510116577
297 0.15012560309818457 73.4275279045105
298 0.1496274600727363 73.40315008163452
299 0.1493190740912061 72.04922556877136
300 0.1489946059194961 74.30351853370667
301 0.14885296461980124 74.7826611995697
302 0.14856599640327303 74.41793465614319
303 0.14819586089440925 72.2911069393158
304 0.1477085311772178 73.24547123908997
305 0.14736954624905987 72.19237160682678
306 0.1469003879416584 73.50778675079346
307 0.14723014597614673 70.79275631904602
308 0.147224090230348 75.05592632293701
309 0.1470870505444555 71.63097190856934
310 0.14682383653573441 74.4501416683197
311 0.14649520781533554 72.17668581008911
312 0.14633469437780158 74.71902513504028
313 0.14674172115477704 70.64970469474792
314 0.14637030657035083 72.35010623931885
315 0.1459105716678195 73.39064860343933
316 0.1458951068896547 75.03943538665771
317 0.14544263544630665 72.96050071716309
318 0.1452648626591562 71.73931455612183
319 0.1453912489955961 71.08052945137024
320 0.1452282884102884 74.69554686546326
321 0.14479985525092118 73.62899899482727
322 0.14435821433615992 73.44880938529968
323 0.14391410269952082 73.05013298988342
324 0.1434741719343262 73.38111615180969
325 0.14384064858848697 75.72718667984009
326 0.14341875539887863 72.8143630027771
327 0.14303558718444237 73.87071251869202
328 0.14261157544225786 73.51848912239075
329 0.14225585002886518 72.41789317131042
330 0.14182843313295698 73.03418970108032
331 0.14381964755169654 77.64874911308289
332 0.1437124895937414 71.57765197753906
333 0.14333972801192438 72.5154218673706
334 0.14291116309961105 73.28233194351196
335 0.142891009971009 75.05562949180603
336 0.14292870268786295 71.2441577911377
337 0.14291817103893337 71.3408477306366
338 0.14305764831962867 75.39463233947754
339 0.1429416301927152 71.59348368644714
340 0.14252285738053508 73.3267982006073
341 0.14213519852736298 73.71953415870667
342 0.1417977769315987 72.3870370388031
343 0.14141160660354657 72.72095727920532
344 0.14103134229671735 72.68774008750916
345 0.14063556987589634 72.8671522140503
346 0.14022974575273395 73.12869882583618
347 0.14025694003310382 71.25453066825867
348 0.1401112034365473 71.68848514556885
349 0.14010232447129517 71.32432723045349
350 0.13976639727948723 72.42945504188538
351 0.13944042036782983 73.99045753479004
352 0.1397422642911659 70.67924952507019
353 0.1394321715864551 72.29893469810486
354 0.13904926995772066 72.86243176460266
355 0.13866053996515132 73.34178733825684
356 0.1399655763620854 77.12742376327515
357 0.1400746814096348 71.0297417640686
358 0.13968357331485468 73.14410996437073
359 0.13935313041189182 73.92438578605652
360 0.1389996558187359 73.74722266197205
361 0.1386211905541923 72.93751430511475
362 0.13842521782505754 74.5160002708435
363 0.1381281308634589 74.08410978317261
364 0.13783224316103593 72.29943633079529
365 0.1374892358417708 72.61424088478088
366 0.13745354448033786 74.9945433139801
367 0.13719440326128896 72.13806533813477
368 0.13724041789021893 71.17572116851807
369 0.13804675290894017 69.79157829284668
370 0.13769483763411497 73.63190698623657
371 0.13751311295929594 74.54417037963867
372 0.13740878101949547 71.55818152427673
373 0.137062633606711 72.70540142059326
374 0.13671933993318988 72.69358491897583
375 0.13636678626690335 73.52039432525635
376 0.13736507270712328 69.46911716461182
377 0.1370112628437251 72.83690428733826
378 0.13685710207242466 71.70595240592957
379 0.13743546032896717 76.26581716537476
380 0.13707414168013274 73.22834849357605
381 0.13680897167911835 74.15819478034973
382 0.13701633897643292 75.59753823280334
383 0.1366610974206799 73.01516366004944
384 0.1364571737809626 74.43959665298462
385 0.1361167905776246 72.79521608352661
386 0.13594981653108235 71.77829599380493
387 0.1357211168207096 74.31547212600708
388 0.13539902313715568 72.635324716568
389 0.1354300246141755 75.18904685974121
390 0.1351743070911038 74.17293691635132
391 0.1348341134402816 73.42823052406311
392 0.13450772166747305 72.749746799469
393 0.1342005567731754 73.80015325546265
394 0.13408121908028658 74.73539543151855
395 0.13390780354840784 71.84438443183899
396 0.1341722528078388 75.7556962966919
397 0.13413488008549404 71.37243461608887
398 0.13380199463971262 72.97410678863525
399 0.18828560453043386 100.25746774673462
400 0.3932294938780635 143.84933233261108
401 0.5265078021158347 145.37710404396057
402 0.6300972191093778 145.10090255737305
403 0.708650338389055 141.1713044643402
404 0.7834364308651605 143.65900206565857
./start.sh: line 9: 14497 Killed                  python3 main.py $1 $3
399 0.13380199463971262 75.04477000236511
400 0.13357023476707494 74.38364791870117
401 0.13342299981938974 74.63723874092102
402 0.13365059027795959 70.69000148773193
403 0.13332288375003296 72.98166680335999
404 0.13308393286471698 72.17612385749817
405 0.13287298229413613 74.34601187705994
406 0.13296271311272984 71.00999522209167
407 0.1328645751894555 74.80648398399353
408 0.1325430009108384 72.97430658340454
409 0.13244388165133303 71.57829570770264
410 0.13212139560345887 73.1067442893982
411 0.1318110659923841 73.54591345787048
412 0.13150027606993858 73.51340365409851
413 0.1312785047124605 74.25035786628723
414 0.13104449396551907 74.1771891117096
415 0.130747336176758 72.72519850730896
416 0.13044189190649036 72.86880540847778
417 0.13079615206498763 76.00120615959167
418 0.13063765769235902 74.55352592468262
419 0.1303364851769587 73.55690598487854
420 0.1303652671535366 71.18577742576599
421 0.1303236429167552 71.40043830871582
422 0.1300297701429354 72.76767826080322
423 0.12994162676020932 74.82205700874329
424 0.1296916957656541 74.0248544216156
425 0.12951878552115145 74.46782517433167
426 0.12924761009319247 72.56636190414429
427 0.1289716041950751 73.77119565010071
428 0.12915892384603214 70.74642825126648
429 0.12900663683538496 71.83731603622437
430 0.12907700753306356 71.04525136947632
431 0.12878480475290247 72.8850154876709
432 0.12870355136648448 71.53781151771545
433 0.1284251772591758 73.6687707901001
434 0.1281936029009131 72.28284907341003
435 0.12790150921612523 72.9996566772461
436 0.12765610263721613 73.95970153808594
437 0.12742572395128304 74.06769728660583
438 0.12714101892065122 73.46579456329346
439 0.12691867595292705 72.25855684280396
440 0.1266715231135516 72.45603227615356
441 0.12673045153681906 75.28979754447937
442 0.1265066139789751 72.28565335273743
443 0.12652813508632507 71.19053339958191
444 0.1262986773981466 72.33036756515503
445 0.12601939580485316 72.93459701538086
446 0.12578200975600212 72.40923237800598
447 0.12565764957681663 71.74149632453918
448 0.1254253237672542 72.37686848640442
449 0.12717327257778185 78.35726618766785
450 0.12704696682789382 74.62997245788574
451 0.12686579009872861 72.02197980880737
452 0.12658582872954866 73.08432149887085
453 0.12646203204282197 74.63360667228699
454 0.1262453530299407 72.26912474632263
455 0.12974908993280482 80.41001963615417
456 0.12946610615817747 73.05168032646179
457 0.12921167180526377 72.56164979934692
458 0.1290118902686529 72.11961126327515
459 0.12873755041785706 73.5039792060852
460 0.12852590669955757 74.1797571182251
461 0.12830378319930602 72.30030965805054
462 0.1282687362914128 71.33526182174683
463 0.1280553808951501 72.23725318908691
464 0.12780922474545275 72.53578329086304
465 0.1275395721461473 72.91501522064209
466 0.1272826451052121 73.67976140975952
467 0.12701211086390377 73.01832222938538
468 0.1267837485510407 72.39929270744324
469 0.12653027357424854 72.69244265556335
470 0.1263015190905084 72.41870307922363
471 0.12612927358155857 74.36746573448181
472 0.12599189815838635 74.5655345916748
473 0.12585874816049472 74.58843660354614
474 0.12563834349079106 72.37772822380066
475 0.12539222747082487 72.67017483711243
476 0.12522832839713155 71.97642827033997
477 0.12498998695336179 73.78652548789978
478 0.12475579809847581 73.82579469680786
479 0.12466748869356784 71.58783483505249
480 0.12443786609183209 72.51573276519775
481 0.12418458119826016 73.4703643321991
482 0.12490722776423673 77.03069257736206
483 0.1246519660941728 73.41914629936218
484 0.124404718628513 73.59000372886658
485 0.12417004476121066 73.77187657356262
486 0.12398405666317365 74.22666335105896
487 0.12375807283366187 72.53668808937073
488 0.12384682205918389 70.90357708930969
489 0.1235953749482859 73.35983538627625
490 0.12366685291060406 75.43053984642029
491 0.12342769541105052 72.75313830375671
492 0.12345524294651636 71.11419796943665
493 0.12343041157503157 75.07025146484375
494 0.12337584489753543 71.44527959823608
495 0.1231809384462597 74.1172993183136
496 0.12334657264870584 75.75211763381958
497 0.12312463404944277 73.84469032287598
498 0.12287907784243637 73.36428165435791
499 0.12267735430507709 72.35881996154785
500 0.12244370752589182 72.76702380180359
501 0.12262070351172895 70.59967160224915
502 0.12262485157906837 71.1932487487793
503 0.12258793129677759 71.36065316200256
504 0.12244005365645869 74.429279088974
505 0.12242114352453434 71.28100728988647
506 0.12239640704141579 75.06790733337402
507 0.12219849477038451 72.34395456314087
508 0.1219598912693841 73.36515974998474
509 0.12179076358905036 74.26373529434204
510 0.12165368669815538 71.89341020584106
511 0.12144881964427505 73.92747330665588
512 0.12146042061867397 71.15606498718262
513 0.12123500447833532 73.61847424507141
514 0.12099938725363157 73.24910998344421
515 0.12076447289329709 73.20935034751892
516 0.12064379287193783 71.80703067779541
517 0.12048501249146676 72.06315612792969
518 0.12026237175998916 72.77071261405945
519 0.12003079929146657 73.1294994354248
520 0.11983763574871055 73.9770154953003
521 0.11973579365466089 71.70702481269836
522 0.119509480302041 73.40608096122742
523 0.11943256875216807 71.57159376144409
524 0.11940585998987914 71.3210141658783
525 0.11919764436020228 73.74566268920898
526 0.11897204603535783 73.30470156669617
527 0.11893166880655347 71.38662004470825
528 0.11873677903527265 73.89363479614258
529 0.11853231616533971 73.75914883613586
530 0.11835507132208457 74.06908512115479
531 0.11822187642407307 71.9252667427063
532 0.11812405288007215 74.64394426345825
533 0.11811811939205623 71.2321846485138
534 0.11797467526466861 72.00277996063232
535 0.11775843853161952 72.89423298835754
536 0.11757627945732499 72.35471606254578
537 0.11743870001001831 71.96772313117981
538 0.11747132613504825 71.05582618713379
539 0.11742380494230806 71.41950964927673
540 0.11721132511282929 73.45472574234009
541 0.1169949373446161 73.08825540542603
542 0.11678391456098504 72.86330938339233
543 0.11673557309675842 71.42743277549744
544 0.11654148724187736 72.54645943641663
545 0.1163295831588339 72.96593165397644
546 0.11622000973145856 71.78506112098694
547 0.1160195490365703 73.61600589752197
548 0.11581062191895228 73.37546277046204
549 0.11566209993179022 74.2162573337555
550 0.11552753012951486 74.32760453224182
551 0.11532634057304741 72.76159572601318
552 0.11513449432567538 73.71336340904236
553 0.1149266037592479 73.08010077476501
554 0.11493871760161362 75.16418933868408
555 0.11477596261608349 74.06301665306091
556 0.11457051408425219 73.29526615142822
557 0.11446245377778858 74.50518441200256
558 0.11472198991858906 76.10241365432739
559 0.11452209538922939 72.8529543876648
560 0.11431759809769611 73.15688705444336
561 0.1141146791328695 73.29445266723633
562 0.11400703041778554 71.82982778549194
563 0.1138157526192378 72.70621371269226
564 0.11486920234514147 78.04241633415222
565 0.11472227371373388 72.13594031333923
566 0.1145243474980495 73.4735860824585
567 0.11436616142276465 72.25588798522949
568 0.11420637481033524 72.2770025730133
569 0.11406918454406272 72.0630578994751
570 0.11417530224671149 75.5995180606842
571 0.11397551734888954 73.22906756401062
572 0.11378182934360453 73.50030183792114
573 0.1137092968539492 71.60591673851013
574 0.11358500669280813 74.36934065818787
575 0.11338746975252471 73.16482949256897
576 0.11323042978137243 74.05449175834656
577 0.11375342125347097 76.93596577644348
578 0.11394263059468429 70.41351413726807
579 0.11376920908088708 72.4928789138794
580 0.11376571453235894 71.21337080001831
581 0.1135891309213206 73.79011797904968
582 0.11348143005944947 71.84723734855652
583 0.11347001059279815 75.0878415107727
584 0.11327819683321044 72.94845390319824
585 0.11310551150887371 73.8221127986908
586 0.11299515619123861 71.87984323501587
587 0.11318929515353356 75.972576379776
588 0.11316906526945499 71.30130577087402
589 0.11299680315889331 73.80968999862671
590 0.1128974014589082 71.79962229728699
591 0.11275209179487813 72.20214295387268
592 0.11265843756482055 74.58091473579407
593 0.11252883609242118 74.28786611557007
594 0.11253328524900655 75.17649459838867
595 0.11234654304627045 73.39965415000916
596 0.11216815857200516 73.63587784767151
597 0.11209807734210514 71.61191773414612
598 0.11191372078821014 73.42984795570374
599 0.11181164467454478 71.84460592269897
600 0.11162533395036775 73.2034318447113
601 0.11167392038108874 70.95486164093018
602 0.11150923543147849 72.50776076316833
603 0.11158694481972761 70.81308388710022
604 0.11143268650900592 72.36121463775635
605 0.1114167971288958 71.27264142036438
606 0.11123513935669938 73.37705087661743
607 0.11105682044537966 72.83650636672974
608 0.11087469100307008 73.05406188964844
609 0.1108605907878688 75.05726766586304
610 0.11092192900645874 75.44947361946106
611 0.11075060524604952 72.69780969619751
612 0.1105908202389522 72.49004983901978
613 0.11041897227358545 73.5956711769104
614 0.11023975940133846 73.28214883804321
615 0.11007032389178152 72.70456147193909
616 0.10992896049112971 72.26449060440063
617 0.10975112332225197 73.0792121887207
618 0.1096780508316973 74.67443680763245
619 0.10950905514391666 72.74295806884766
620 0.10938627735317817 72.07911205291748
621 0.10943168417359905 70.95689940452576
622 0.10929783141672522 72.1970911026001
623 0.10963167260654645 69.80107426643372
624 0.1094808702670751 72.40956664085388
625 0.10946974002823526 75.06396341323853
626 0.1092951104715865 73.08166003227234
627 0.10913862647456621 73.78666973114014
628 0.1089799542362271 72.57408952713013
629 0.10889488028631168 71.74793434143066
630 0.10872661272023013 73.47401523590088
631 0.10858676293161575 72.29807829856873
632 0.10878443638461575 76.04300045967102
633 0.1087203513961522 74.72090649604797
634 0.10858704816470856 72.2270438671112
635 0.10845082445898313 72.26719951629639
636 0.10829249785183383 72.62853741645813
637 0.1081375941157891 73.7432005405426
638 0.10812922771234386 75.07863426208496
639 0.10803896539876069 71.81196713447571
640 0.10799955056886325 71.43015313148499
641 0.10789517611889946 71.93736720085144
642 0.10772720257704009 73.19766879081726
643 0.10756056200313245 73.29702425003052
644 0.10744862724420556 74.28416800498962
645 0.10728412784068422 72.93429827690125
646 0.10712236350678776 72.83740973472595
647 0.10695819769965885 73.33479952812195
648 0.10679609717068582 73.41717410087585
649 0.10685234529941266 70.87942719459534
650 0.10671703501508702 73.9778163433075
651 0.10656217925089653 72.69014620780945
652 0.10655547779509066 71.22829294204712
653 0.10649566815782559 74.7127594947815
654 0.10639979684895472 71.89069938659668
655 0.10630594907887946 71.87215828895569
656 0.10626939961774985 74.87659502029419
657 0.10615105189761141 72.13164591789246
658 0.10620533491298605 75.4207546710968
659 0.10620016559360235 71.21563148498535
660 0.10614197062252297 74.72200441360474
661 0.10613068247220848 71.25197505950928
662 0.10597142269997277 72.98821091651917
663 0.10602264395714106 70.88454818725586
664 0.1058655183187376 73.39361953735352
665 0.10586327163096847 71.18843913078308
666 0.10570460342099187 73.22564840316772
667 0.10607524166845779 76.74592638015747
668 0.10606145205473091 71.25664687156677
669 0.10599542796059194 74.65715956687927
670 0.10593173559612083 71.616614818573
671 0.10584413014885859 71.82364678382874
672 0.10568678498335213 73.07949662208557
673 0.10557261829396042 72.1089494228363
674 0.10547915916933406 74.39729928970337
675 0.1057398139617283 69.91005063056946
676 0.10567614161209164 74.66604948043823
677 0.10559617486544848 71.75473713874817
678 0.10557892356551318 71.26701927185059
679 0.10553267347650074 71.47141456604004
680 0.10549566767754605 74.8665280342102
681 0.10568302116206141 76.09078645706177
682 0.10561840848776151 74.66101169586182
683 0.10554241965568757 71.72172546386719
684 0.10539562785568367 73.57966828346252
685 0.10524699805036716 73.50795865058899
686 0.10559472889187436 76.74051690101624
687 0.10546591303511117 72.34306073188782
688 0.10531471967930854 72.91189789772034
689 0.10516191526135958 73.11016178131104
690 0.1050890903934611 71.70457625389099
691 0.10496939678933073 72.22313332557678
692 0.1050715785238039 75.72080659866333
693 0.10518483615074312 70.50589394569397
694 0.10503551265829765 72.89858961105347
695 0.10490520772763269 73.88298726081848
696 0.10478030554995592 73.96896696090698
697 0.10489272120996967 70.50312614440918
698 0.10483137038961186 74.67823243141174
699 0.1047479269835541 74.474125623703
700 0.10462853290415662 74.04293298721313
701 0.10448427647810592 72.77931761741638
702 0.10435197899790172 73.81053161621094
703 0.10420777787663965 73.48285841941833
704 0.10414073422752507 74.62193560600281
705 0.10404413093021242 74.32191681861877
706 0.1039518913451556 74.37001395225525
707 0.10380630293528458 73.34918308258057
708 0.10366089284689504 73.33279633522034
709 0.10358450121638331 74.52853298187256
710 0.10365533339914801 75.58257150650024
711 0.10391603504998947 76.4907455444336
712 0.10378613197403859 72.49871230125427
713 0.10364585655866991 73.54229378700256
714 0.10350077920795141 73.21006155014038
715 0.10335607716403471 73.12312650680542
716 0.10327117967260505 71.88090395927429
717 0.10313061448270855 73.46952438354492
718 0.10300930285409282 72.37426567077637
719 0.10288886163335852 73.95484232902527
720 0.10281404153284895 71.78521513938904
721 0.10279941285414593 71.27088594436646
722 0.1026571360036746 73.20989346504211
723 0.10255065980790969 74.15207171440125
724 0.10245483574261173 72.02480554580688
725 0.10231928244806068 73.55775451660156
726 0.1022131045873482 74.14426922798157
727 0.10207274260424933 73.07659149169922
728 0.10199540277397455 71.82669878005981
729 0.10188265653836046 74.03134727478027
730 0.10178067399497058 72.1261556148529
731 0.10166018115654905 73.88403677940369
732 0.10152456679589023 72.85219764709473
733 0.10139005497735827 73.49288177490234
734 0.10129659044927589 72.02935671806335
735 0.10116637046011419 73.62031030654907
736 0.1010344521576908 72.75823330879211
737 0.1009911902741443 71.51745390892029
738 0.10087947563320201 72.30454301834106
739 0.10089472830146495 71.06462740898132
740 0.1007591059661302 73.29302525520325
741 0.10064430943980154 72.36801099777222
742 0.10052116447903142 72.54768633842468
743 0.10043722333572705 71.92910575866699
744 0.10032774331850121 74.0050573348999
745 0.10019968953353779 72.70887231826782
746 0.10012281005842849 74.43766355514526
747 0.10000462427690662 72.4689588546753
748 0.09997322591629215 71.42031669616699
size = 748
mean = 73.14469918975217
standard deviation = 1.3950135745200243
margin of error = 0.09997322591629215
median = 73.07049477100372
