1 1 158.762259451
2 4.599356658790377 165.399476354
3 3.171872776873338 160.55912504
4 2.419327418570413 162.611452859
5 2.030047201591346 163.579826059
6 1.7477054712290048 163.654129775
7 1.510029110284135 163.160492727
8 1.398517338002044 160.532421393
9 1.2448896640479175 162.604974564
10 1.138381956248457 163.402091693
11 1.0780078952965084 160.650032879
12 1.0130576772518327 163.692124087
13 0.936397049031499 162.04788239
14 0.8734615261088091 161.743130768
15 0.8206184606782719 161.570557173
16 0.7954551613019532 160.560009345
17 0.7507499267019736 162.658159555
18 0.7098485327324703 162.507296408
19 0.6744967335779718 161.687252508
20 0.6618063718502908 160.445111155
21 0.6387745823137391 163.230510746
22 0.6127895989239865 162.847192515
23 0.586148286676428 162.160516384
24 0.5665034871614623 161.258407487
25 0.5438879475359399 162.047845493
26 0.5279461545168019 161.156527059
27 0.5112603109844681 162.856358778
28 0.505016754361096 163.718478146
29 0.488174683933331 162.538108432
30 0.4737338733844067 161.546634912
31 0.45923995187487726 161.740644619
32 0.4450970114469138 161.933144482
33 0.4366511745368472 161.020678448
34 0.42404353630741615 162.366226888
35 0.42042386392651393 160.601398724
36 0.418248742223747 160.430041303
37 0.4093703235029166 161.183973499
38 0.39971244675161566 162.598755231
39 0.38974860779106896 162.328484208
40 0.3883057644922584 160.385123269
41 0.3797807164046204 161.427130516
42 0.37179328087416413 161.373566577
43 0.36503423852611305 161.143200795
44 0.3585884630833705 162.773185165
45 0.35638482093406726 163.448107816
46 0.3545186904619452 163.524658846
47 0.3543838075694234 163.779052798
48 0.3489276677717465 162.975341664
49 0.3427162791113784 162.718218675
50 0.3374196342680294 161.266279099
51 0.33355327278228797 160.960908798
52 0.33542513748446734 160.077093443
53 0.3298760628065769 161.405110329
54 0.32479171095522563 162.729075728
55 0.3236089876271991 160.465546259
56 0.3243008697888804 160.138794144
57 0.32163321825079766 163.254504294
58 0.3183983771160474 163.129533616
59 0.3130800052124746 161.793863194
60 0.30809247304991366 161.634901655
61 0.3041222591779488 162.800339461
62 0.3007614423945477 162.980517927
63 0.296273671008516 161.603558861
64 0.29284530069179027 161.14677996
65 0.29111615447467604 160.664626075
66 0.2869393290240488 161.591325093
67 0.2840240538608098 161.019775136
68 0.2806498157067305 162.705521087
69 0.2770884788462747 161.381518631
70 0.2755975433382795 160.642862558
71 0.27207202876009123 161.439895321
72 0.2705997031962614 163.244624229
73 0.26851327514508544 160.853928785
74 0.2650117210361737 161.631586093
75 0.2614873769138511 162.023461459
76 0.2603113360624508 163.277679349
77 0.2592962474843692 160.576079195
78 0.25630150644617544 161.419553793
79 0.25570257301480376 160.445193222
80 0.25250857309004054 161.958573798
81 0.25075140166120247 162.99964935
82 0.2502562631466021 160.424679473
83 0.2472949628900618 161.690251043
84 0.24596310621192977 163.119596021
85 0.24402065782885166 160.982829254
86 0.24365658055626518 160.382454488
87 0.24241193795006705 160.668784747
88 0.23971240707453198 161.646796147
89 0.23864509396954892 160.606317219
90 0.23914765821573142 163.649650122
91 0.23687032109383205 161.280424271
92 0.23469373984115166 161.230433753
93 0.23381807679554736 160.546308764
94 0.2343022996359658 160.0605358
95 0.2320715804137343 161.325577086
96 0.2305646444673722 162.837520872
97 0.2286756588491039 161.097375486
98 0.22652139398571375 162.285180667
99 0.22423908913759388 161.918916484
100 0.22208950078144638 162.167120356
101 0.22221456424877584 160.181243
102 0.22200122277201143 160.28337568
103 0.2201579771621363 162.428520825
104 0.2202946996736862 163.491478548
105 0.22016986114260154 160.248673064
106 0.22166076821473418 163.96912925
107 0.22014179200822537 162.692044061
108 0.21955325109874135 160.450548331
109 0.21754499812940437 161.741862975
110 0.2155734752453655 161.739409167
111 0.21428330117723265 160.880254637
112 0.21471887279002072 160.003888707
113 0.21323719451487808 162.578917163
114 0.21299355788206378 160.277507848
115 0.2113603608700185 161.232275428
116 0.21005691555378958 162.670951932
117 0.20826231810356538 161.767914053
118 0.20688813123274274 161.032951299
119 0.2052695132017317 161.367087079
120 0.20557515788148312 160.025454633
121 0.2048127095071548 160.563759948
122 0.2032080948056692 162.109671175
123 0.2020987963067114 162.702051304
124 0.20050847592710314 161.524093698
125 0.20014139933810995 163.197518157
126 0.2000018166030489 160.235311743
127 0.19892057168121224 162.684971258
128 0.19860341708943752 160.330163503
129 0.19745032926788258 160.953936751
130 0.19603215890547082 162.181738848
131 0.19453860640000084 161.69571317
132 0.19406310937782292 163.09513915
133 0.1948417572694805 163.781828988
134 0.1934190375281075 162.030160781
135 0.19205208534316937 162.140557766
136 0.1917484148513597 163.229492034
137 0.19052332881863504 161.234202567
138 0.19027860724833395 163.269017428
139 0.18902849808916625 161.335725885
140 0.1884213208418762 163.007563498
141 0.18791591372408312 163.092168891
142 0.18745519594198548 163.132817016
143 0.1861736675452208 162.078028466
144 0.1853877869554864 162.847838526
145 0.1844771101436602 160.980298902
146 0.18322356180755234 161.981795435
147 0.18265870798713973 163.026126441
148 0.1826200232542249 163.428434895
149 0.18205956448954586 163.044493568
150 0.18106151237813659 162.544854502
151 0.18031712934983016 160.881767779
152 0.18031704617450503 160.257773996
153 0.17915431264943518 162.040245168
154 0.17901305865718778 160.349295482
155 0.1779840811343661 161.314160465
156 0.1769256088693634 161.410619617
157 0.1771504017742194 163.594307456
158 0.1760803168020276 161.507184322
159 0.17642660119241127 160.008817968
160 0.17614937666088806 160.441731084
161 0.1752068880317822 162.428275206
162 0.1751217821005767 163.37819736
163 0.17466209511083747 163.062404334
164 0.1736022500281132 161.736169254
165 0.173101813800512 160.681853167
166 0.17243077733698406 162.802175282
167 0.172404631448871 163.436271347
168 0.17196410031277945 163.075268542
169 0.17226073606488837 163.700046577
170 0.17184397430955256 160.629766375
171 0.1708508435410804 162.042688042
172 0.16989427663514287 162.178980233
173 0.16941489294554127 160.715389161
174 0.16848325429822705 162.198072439
175 0.16844002109120415 160.291228461
176 0.16758399338173752 161.332135345
177 0.16728771710260967 163.187834289
178 0.1663527237443348 161.745220284
179 0.16545181718660434 161.579034519
180 0.1660559006751572 163.924997777
181 0.1666846596622494 163.967419107
182 0.1658904956264141 161.289933009
183 0.16592230769257776 163.527941859
184 0.16511368734554527 161.365267665
185 0.16485550369677485 160.516989876
186 0.1639792486146452 162.049876361
187 0.1638138269791251 160.418957442
188 0.1637953326753999 163.475580601
189 0.1635576402719728 160.493194748
190 0.16378400798874243 163.702498115
191 0.1632750797565987 160.839110592
192 0.16262668624256 162.671364598
193 0.16188234560313913 161.322837391
194 0.16113991212738704 161.336469292
195 0.16126979775936157 163.623141463
196 0.16117814184690515 163.420371582
197 0.16059822983438832 161.009644511
198 0.15998684398466523 161.076985005
199 0.15918352151237855 161.927888599
200 0.15867136401159956 162.852782337
201 0.1581526883419898 160.936370184
202 0.15741178621407229 162.258407409
203 0.1572771624607955 160.411875405
204 0.15745430933440926 163.677354941
205 0.15672797775565286 161.506813365
206 0.15617865029610564 161.028148079
207 0.1554460382668738 161.603951978
208 0.15486814762921383 162.649143826
209 0.15512960870617387 163.764413577
210 0.1546120050850901 161.003662359
211 0.15478879740020354 160.079093107
212 0.15519974024346353 163.915292856
213 0.1544716454089253 161.843616881
214 0.15378334749832556 161.536559488
215 0.15402415819371437 163.77033972
216 0.15360675519475664 160.842864625
217 0.1537763148793923 163.710582445
218 0.15344272957726396 163.088740737
219 0.153713289899998 163.836165168
220 0.15341451646426052 163.158320162
221 0.15303447803364456 163.026153644
222 0.15249576409255453 162.692846674
223 0.1518216208915058 162.122696793
224 0.15143551901454155 163.003981484
225 0.15076340417130077 161.993725475
226 0.15011359848233316 161.669731735
227 0.1494524190265272 161.953263543
228 0.14881366044180058 162.19211203
229 0.14854077986269254 163.171419393
230 0.14836328507800403 160.553226835
231 0.14776702224359145 161.496993791
232 0.14738732647514297 160.898085924
233 0.1470691097741989 163.071066504
234 0.14665071441728258 160.992163573
235 0.1461931639277036 161.088934865
236 0.1461664891799497 160.336650677
237 0.14597976787084413 163.273470125
238 0.14546276800892705 162.566639328
239 0.1455004919731409 160.251183842
240 0.14546191457932123 160.34281684
241 0.14556746693362707 163.679854529
242 0.1451031240873779 161.138485659
243 0.14460080726452415 161.26526479
244 0.14417223894313816 161.055297015
245 0.1438510760979497 163.007424919
246 0.14347373008988668 160.944103719
247 0.143647484105933 160.053203815
248 0.14365245175468036 163.54343632
249 0.14314393401462971 161.345919977
250 0.1426049745975765 162.302616767
251 0.14229484860561803 163.007550294
252 0.14195097232060366 162.932410562
253 0.14201473394495068 163.638020529
254 0.14168517591141494 160.876872119
255 0.14163224358698046 163.473763902
256 0.1412341550376341 162.791831165
257 0.14075724057250766 161.335060375
258 0.14024691850727303 161.512074913
259 0.13973236897207245 161.561851347
260 0.139816014130683 163.673339365
261 0.14010804704165591 163.959396669
262 0.13991721424716178 160.625156766
263 0.13952583423424464 162.775193377
264 0.13899733951335075 161.944304489
265 0.13860003820269487 162.740696546
266 0.13808234051334362 162.070382417
267 0.13767340831026753 161.195092122
268 0.13749587424225848 163.253536949
269 0.13769601908999482 163.864055799
270 0.13770979489377602 160.293245568
271 0.13723663999931535 161.513819375
272 0.1368531047585558 162.741508891
273 0.1364595654266178 162.701057769
274 0.13643342223764715 163.535091408
275 0.1359384925270293 161.873037105
276 0.13569206537593115 163.10513812
277 0.13542451105156558 163.055111903
278 0.1349507503530554 162.230893875
279 0.13522241436966495 163.997207174
280 0.13483543839352033 162.697056276
281 0.134358508307373 161.844731973
282 0.1339734964213024 162.684617291
283 0.1336170616786439 162.782354759
284 0.13332884794542893 162.988308851
285 0.1328612776245237 162.017819464
286 0.13255858459260192 162.93763633
287 0.13276607322746647 160.030633819
288 0.13244485692762492 161.081513016
289 0.13203857495476168 162.521141878
290 0.13186684629889386 160.694638416
291 0.13164163682783533 163.122948737
292 0.13153045850981998 160.565533534
293 0.1312494115478632 162.964131902
294 0.13081503991384333 161.706985083
295 0.13083564920454346 160.313029015
296 0.1305332810415079 161.054140242
297 0.13062747701337926 160.17371993
298 0.13034462933799948 160.988811483
299 0.13023469697597095 163.362134624
300 0.1299622685260711 160.96601714
301 0.12961570349233303 161.233490647
302 0.1296675311843901 163.676099209
303 0.12924013250615313 161.90139408
304 0.12908185318424442 160.670606893
305 0.12888534136631336 160.764175971
306 0.1286602041367764 163.061576577
307 0.12862199266543461 163.50670357
308 0.12826229702123587 162.566541853
309 0.12790477773179273 162.567846653
310 0.1280029575607865 160.154164629
311 0.1277979757321297 163.112502615
312 0.12776542974413815 163.525649105
313 0.12767010303991877 163.3955374
314 0.12770819327030122 163.679934188
315 0.1274515892541818 160.985647927
316 0.12725970248969912 163.157755777
317 0.12685891020327214 162.043569505
318 0.12653717744938903 162.695732127
319 0.12661402139352843 163.763183916
320 0.12632790640823197 162.845562891
321 0.12596749931820952 161.514214398
322 0.12574183534326197 163.047956106
323 0.12587375260129693 160.101269864
324 0.1255103658303557 162.399765179
325 0.1252421151724865 162.887802538
326 0.12492319138302993 161.315631997
327 0.12476138379354643 163.224182893
328 0.12481645193023572 163.735774279
329 0.1249267984825964 160.137427872
330 0.12504242075990535 160.116825127
331 0.1248643718122034 163.177886259
332 0.12478756231937613 160.522212556
333 0.12450571740187275 162.80128443
334 0.12416759854806247 162.486149788
335 0.12388135796698337 161.204373464
336 0.12394599462760324 160.206866469
337 0.12404185475435252 160.134360755
338 0.12415119374085604 160.097516807
339 0.12387737047920323 162.7970167
340 0.12386545210830632 160.348728314
341 0.12370267995402105 160.739498232
342 0.1237263812856813 163.667649613
343 0.12340042142834393 161.454178438
344 0.12305356281604085 162.266277314
345 0.12300155107196359 160.441697065
346 0.12282927498112406 160.776802377
347 0.12281704582460039 160.33569613
348 0.12248274909296188 161.574510417
349 0.12244450651736068 160.393758633
350 0.12222387755869767 160.943975835
351 0.1219813244704387 161.035536289
352 0.12211050668854777 163.879911783
353 0.1217646319451495 161.968148423
354 0.12142234619830392 162.064430817
355 0.12118855841738498 162.877999428
356 0.12091202151165675 161.236980469
357 0.12058523554358855 161.640734334
358 0.12053913689755849 163.479274732
359 0.1205092101479709 160.37941616
360 0.12047648126028669 163.516847137
361 0.12029267170763655 160.845802772
362 0.11998475872274916 161.50268624
363 0.11992744289499528 163.44933465
364 0.11996756603689498 160.203061212
365 0.11968499732884755 161.328699492
366 0.11936101268527245 161.787611051
367 0.11908379000543728 161.31206231
368 0.1187605923845463 161.886387007
369 0.11878149413765321 163.644048104
370 0.11849409547865784 162.482396866
371 0.11829690463198068 162.969098577
372 0.11804283988354532 162.69123787
373 0.11772641890066847 161.934727318
374 0.1176511723748571 163.388615121
375 0.11761044185942532 163.493072309
376 0.11738481272390275 161.094004191
377 0.11707967221788157 161.727962508
378 0.11695367838176532 160.694369716
379 0.1171161614531706 163.988348533
380 0.11702085590034701 163.331609629
381 0.11671377984792627 161.989526931
382 0.11655767639133534 160.814117971
383 0.11639373406073293 163.080747853
384 0.11611023216364243 162.384042114
385 0.11603629591595098 160.537657226
386 0.11584595935865899 162.959363342
387 0.11582305851318839 163.546572304
388 0.11556346389604118 161.37507775
389 0.11536961281849603 160.998332033
390 0.11512833990923585 161.259485437
391 0.11524843784462596 160.012916018
392 0.11501308010970947 161.223279461
393 0.11482363748816767 160.97960218
394 0.11456507374903417 161.40201603
395 0.11463683823713691 163.789297004
396 0.11451615451517184 163.214951349
397 0.11426642255893013 161.357495416
398 0.11427456418468793 160.290164811
399 0.11441324364373932 163.963419671
400 0.11423926242204689 162.993715487
401 0.1141901620727666 160.460220572
402 0.11421322104567685 163.677768472
403 0.11397742133109363 161.285059437
404 0.11370108130138651 161.724847198
405 0.11347272089054644 162.674160561
406 0.1132374282934248 161.306573879
407 0.11301930870903977 162.72729033
408 0.11274363869083039 162.07742128
409 0.1124787235443722 162.287988248
410 0.11251770414970871 160.206598515
411 0.11248089040987702 163.491768034
412 0.11229570333637053 161.028933543
413 0.11222100106914397 160.558258779
414 0.1120019807525713 161.235791488
415 0.11207428307517746 163.811215089
416 0.11194880436203199 163.166444203
417 0.11203344488671808 160.070206447
418 0.11176878718325445 162.144056101
419 0.11150900071214558 162.226061501
420 0.11142419685926064 160.59910163
421 0.11122561576792953 161.132300697
422 0.11124933608079181 163.677074578
423 0.1110183214524399 162.534622149
424 0.11083886242243426 161.034850754
425 0.1108032902017086 163.490949353
426 0.1105480605830303 161.735781473
427 0.11029295221724982 161.761759829
428 0.11004119347836909 162.210485103
429 0.10980916073752428 161.453206388
430 0.10958892148779624 162.569458566
431 0.10971154526223222 163.961769787
432 0.1094578554230108 162.019936893
433 0.10925909447291482 162.726072158
434 0.10914713840918752 160.743743687
435 0.10902787931636095 160.77499069
436 0.10897495979203342 160.503245909
437 0.10876024681418914 162.571886817
438 0.10863972262901828 160.781936493
439 0.10845248757386436 161.147360096
440 0.10846279940412705 160.279508933
441 0.10827506034682585 162.751745157
442 0.10834946240209481 160.077154516
443 0.10819514308822054 160.949869524
444 0.10809924343587574 160.665960691
445 0.10805881915295898 160.441599826
446 0.10781827242438653 161.801717123
447 0.10773487150167696 163.271701695
448 0.1077909039479153 163.772076678
449 0.10757475665566696 161.427654191
450 0.10757160762064663 160.310178948
451 0.10761258678949846 160.157629946
452 0.10744735213870339 162.85243812
453 0.10722476922336252 162.350680281
454 0.1071786373124695 160.462681634
455 0.1071992602463275 163.660122077
456 0.1070557932119282 162.973951048
457 0.10693801852223377 163.109606607
458 0.10675843205316866 161.153906345
459 0.106657934725507 160.701608718
460 0.10658595142093963 160.571848457
461 0.10651162588835802 160.579314278
462 0.10636571500087488 160.935983085
463 0.10633681878125188 160.39009231
464 0.10612549630618748 162.392827177
465 0.10595304134606817 162.748897729
466 0.10580587436252534 162.914611636
467 0.10563410712476472 161.124924909
468 0.10547269387673791 161.054451279
469 0.1054737686582444 163.585696355
470 0.10546173558312526 160.330447381
471 0.10529930862253133 161.067372531
472 0.1052065507318036 163.193090557
473 0.10503683322013502 162.73747622
474 0.10491983522063256 160.80150007
475 0.10476620907916813 161.022431851
476 0.10467752520712958 160.656331543
477 0.10449080388568774 161.291335564
478 0.1042778207870172 162.191318549
479 0.10418044875020377 160.703033499
480 0.10401556869050363 162.732557115
481 0.103947400000252 160.564206676
482 0.10376934886474255 161.236251704
483 0.1035864852079877 161.287599587
484 0.10339631986105272 162.470206946
485 0.10326939503140369 162.967667891
486 0.10321449132478414 160.509328442
487 0.10305127422989895 162.709657656
488 0.10285748649212269 161.45190359
489 0.10286834652565077 163.606117903
490 0.10267691180590457 162.413431375
491 0.10270163747981385 160.189713692
492 0.10268665694572601 163.507482133
493 0.10275277909149501 163.815879274
494 0.10254530094824114 161.847515117
495 0.10237210752854932 162.596661791
496 0.10221631301833549 162.745995197
497 0.10204675626846335 161.243988427
498 0.101843060211961 162.058249213
499 0.10179890771158881 160.478161139
500 0.10159536121292846 161.902879879
501 0.10139476392476712 162.099333099
502 0.10130042337470463 163.126190023
503 0.10111134144805375 161.526320006
504 0.10100183792589335 160.826792818
505 0.10110955694769672 163.961577466
506 0.10096972604609308 162.831969806
507 0.10089611939969884 163.237291587
508 0.10071451154657413 162.417164421
509 0.10052867787769637 162.342279259
510 0.10035977529487741 162.558505877
511 0.1002044111198874 162.688264806
512 0.10017251358335288 160.444064429
513 0.10024715814686158 163.86449336
514 0.10013172681462935 162.990120976
515 0.10020245336768793 160.028309267
516 0.10003051134276429 162.496507582
517 0.0999117829385098 160.921379385
size = 517
mean = 161.9396752498376
standard deviation = 1.1590599759813958
margin of error = 0.0999117829385098
median = 161.90287987924194